

Cricket
precision    recall  f1-score   support

           0     1.0000    1.0000    1.0000         6
           1     1.0000    1.0000    1.0000         6
           2     0.7500    1.0000    0.8571         6
           3     1.0000    1.0000    1.0000         6
           4     1.0000    1.0000    1.0000         6
           5     0.7500    0.5000    0.6000         6
           6     0.8571    1.0000    0.9231         6
           7     0.8000    0.6667    0.7273         6
           8     0.8571    1.0000    0.9231         6
           9     0.8571    1.0000    0.9231         6
          10     1.0000    0.8333    0.9091         6
          11     1.0000    0.8333    0.9091         6

    accuracy                         0.9028        72
   macro avg     0.9060    0.9028    0.8977        72
weighted avg     0.9060    0.9028    0.8977        72

